结点数： 34
弧数： 104
图的种类为： 3
0  北京  1203  北京  123 北纬39°56′,东经116°20′
1  上海  1830  上海  456 北纬31°14′,东经121°29′
2  湖北  6017  武汉  589 北纬29°05′,东经108°21′
3  广东  8159  广州  459 北纬23°06′,东经113°15′
4  江苏  7676  南京  458 北纬31°14′,东经118°22′
5  河南  9968  郑州  153 北纬31°23′,东经110°21′
6  湖南  6734  长沙  453 北纬24°39′,东经108°47′
7  广西  4822  南宁  452 北纬23°32′,东经108°51′
8  浙江  4647  杭州  451 北纬29°11′,东经118°21′
9  云南  4333  昆明  450 北纬25°02′,东经102°42′
10  山东  9579  济南  454 北纬36°40′,东经117°00′
11  四川  8673  成都  455 北纬30.67度，东经104.06度
12  河北  7185  石家庄  457 东经114°29′,北纬38°03′
13  安徽  6338  合肥  235 北纬31度52分，东经117度17分
14  江西  4222  南昌  234 北纬31度52分，东经114度17分
15  辽宁  4203  沈阳  232 北纬41°48′，东经115°25′
16  贵州  3837  贵阳  259 北纬26.35，东经106.42
17  黑龙江  3831  哈尔滨  257 东经125°42′，北纬44°04′
18  陕西  3732  西安  224 经度108.93，纬度34.23
19  福建  3689  福州  164 北纬26.08，东经119.28
20  重庆  3107  重庆  254 北纬29.35，东经106.33
21  吉林  2746  长春  256 北纬29°75′,东经117°14′
22  甘肃  2593  兰州  255 北纬28°43′,东经105°41′
23  内蒙  2470  呼和浩特  243 北纬31°51′,东经104°53′
24  台湾  2319  台北  248 北纬32°12′,东经116°12′
25  新疆  2181  乌鲁木齐  299 北纬27°13′,东经110°14′
26  天津  1294  天津  156 北纬26°11′,东经123°57′
27  海南  867  海口  345 北纬35°13′,东经118°49′
28  香港  711  香港  336 北纬34°47′,东经118°14′
29  宁夏  630  银川  314 北纬30°35′,东经118°28′
30  青海  563  西宁  359 北纬26°14′,东经109°39′
31  西藏  281  拉萨  382 北纬32°11′,东经107°38′
32  澳门  56  澳门  320 北纬34°26′,东经104°46′
33  山西  3571  太原  310 北纬27°46′,东经116°34′
0 29 89  11 50  32 42  33 45  5 1  4 6  3 5  1 2  2 1  6 10  -1
1 12 46  30 68  23 84  4 45  24 154  15 47  27 40  13 56  5 7  3 3  6 7  8 12  0 2  -1
2 30 56  28 63  16 48  20 45  19 62  21 60  23 51  31 47  3 4  6 2  0 1  -1
3 30 68  32 82  28 43  4 2  7 1  2 4  1 3  0 5  -1
4 13 89  8 96  20 68  26 74  14 66  9 7  5 3  7 9  3 2  1 45  0 6  -1
5 12 55  9 5  8 10  4 3  1 7  0 1  -1
6 30 56  23 156  28 72  26 59  32 69  31 16  25 44  33 18  18 64  10 85  22 48  2 2  1 7  0 10  -1
7 23 56  9 5  4 9  3 1  -1
8 23 64  5 10  4 96  1 12  -1
9 12 54  28 64  11 16  32 39  7 5  5 5  4 7  -1
10 31 65  33 52  6 85  -1
11 27 60  28 81  19 59  29 45  20 13  9 16  0 50  -1
12 17 56  16 68  9 54  1 46  14 16  5 55  -1
13 17 48  4 89  1 56  -1
14 24 458  23 64  17 46  12 16  4 66  -1
15 27 92  21 23  17 69  32 62  16 58  1 47  -1
16 12 68  33 156  18 81  15 58  2 48  -1
17 12 56  19 60  21 61  15 69  14 46  13 48  -1
18 33 49  16 81  6 64  -1
19 29 81  17 60  11 59  2 62  -1
20 23 563  11 13  4 68  2 45  -1
21 17 61  15 23  2 60  -1
22 27 93  28 69  23 58  6 48  -1
23 26 569  24 49  22 58  20 563  14 64  8 64  7 56  6 156  13 89  8 96  20 68  26 74  14 66  9 7  5 3  7 9  3 2  1 45  0 6  -1
24 28 49  32 46  23 49  14 458  1 154  -1
25 27 63  31 45  26 52  6 44  -1
26 28 160  25 52  23 569  6 59  4 74  -1
27 25 63  22 93  15 92  11 60  1 40  -1
28 26 160  24 49  22 69  11 81  9 64  6 72  3 43  2 63  -1
29 30 56  19 81  11 45  0 89  -1
30 6 56  1 68  3 68  2 56  29 56  -1
31 25 45  10 65  6 16  2 47  -1
32 24 46  15 62  9 39  6 69  3 82  0 42  -1
33 18 49  16 156  10 52  6 18  0 45  -1
